0 0.955634 0.383945 0.972973 0.383171 0.970066 0.318076 0.952727 0.31885
0 0.956244 0.383478 0.973457 0.382463 0.969659 0.318075 0.952446 0.31909
0 0.955651 0.383854 0.973817 0.382662 0.969613 0.318579 0.951448 0.319771
0 0.955478 0.383766 0.972788 0.382987 0.96982 0.31703 0.95251 0.317809
0 0.444324 0.23699 0.444721 0.250068 0.47183 0.249245 0.471432 0.236166
0 0.955642 0.384563 0.972906 0.383743 0.969775 0.317815 0.952512 0.318635
0 0.95476 0.384223 0.972803 0.38335 0.969747 0.320194 0.951704 0.321067
0 0.955266 0.383857 0.973255 0.382948 0.970023 0.319003 0.952034 0.319913
0 0.955043 0.383773 0.972961 0.382889 0.969742 0.317647 0.951824 0.318531
0 0.906447 0.30097 0.908272 0.323563 0.941966 0.320842 0.940141 0.298249
0 0.906603 0.302162 0.90869 0.324071 0.943626 0.320743 0.941539 0.298835
0 0.956396 0.383854 0.973499 0.382639 0.968935 0.318375 0.951831 0.31959
0 0.90684 0.302433 0.909166 0.32319 0.944492 0.319231 0.942166 0.298475
0 0.499957 0.700292 0.500644 0.712681 0.525574 0.711299 0.524887 0.69891
0 0.955551 0.386563 0.972496 0.385924 0.969987 0.319363 0.953042 0.320002
0 0.906578 0.301546 0.9088 0.323156 0.941157 0.319828 0.938935 0.298219
0 0.471746 0.249879 0.471952 0.236561 0.444552 0.236137 0.444346 0.249455
0 0.905814 0.302309 0.90782 0.322833 0.943422 0.319353 0.941415 0.298828
0 0.44414 0.236345 0.444442 0.249459 0.47281 0.248805 0.472508 0.235691
0 0.904659 0.30468 0.910087 0.326754 0.940225 0.319344 0.934797 0.29727
0 0.500096 0.700428 0.500568 0.712559 0.525288 0.711595 0.524815 0.699465
0 0.499646 0.699804 0.500355 0.712538 0.526191 0.711099 0.525482 0.698365
0 0.90613 0.303992 0.909478 0.32563 0.942116 0.320581 0.938769 0.298943
0 0.498166 0.701276 0.499028 0.712961 0.52523 0.711029 0.524368 0.699343
0 0.499764 0.701454 0.500842 0.714101 0.525656 0.711986 0.524578 0.699339
0 0.442977 0.235991 0.442986 0.250031 0.470544 0.250013 0.470534 0.235972
0 0.47001 0.298977 0.470131 0.287745 0.44472 0.287471 0.444599 0.298703
0 0.442227 0.237408 0.442459 0.25025 0.471652 0.249724 0.47142 0.236882
0 0.904321 0.303055 0.906558 0.324114 0.942187 0.320328 0.939949 0.299269
0 0.468193 0.29942 0.468299 0.287936 0.445277 0.287725 0.445172 0.299209
0 0.468457 0.299512 0.468495 0.287802 0.445233 0.287727 0.445196 0.299437
0 0.441577 0.236978 0.441793 0.250118 0.471671 0.249627 0.471455 0.236487
0 0.440755 0.237907 0.441665 0.251121 0.471514 0.249066 0.470604 0.235853
0 0.468186 0.299277 0.468327 0.287947 0.445238 0.287659 0.445097 0.29899
0 0.444198 0.236931 0.445061 0.250332 0.471773 0.248612 0.47091 0.235211
0 0.907935 0.301874 0.909759 0.324123 0.943905 0.321323 0.942081 0.299074
0 0.470109 0.299655 0.470304 0.288269 0.444316 0.287823 0.444121 0.29921
0 0.503724 0.753691 0.505709 0.765161 0.534199 0.76023 0.532214 0.74876
0 0.504278 0.75427 0.506282 0.765904 0.535385 0.76089 0.533381 0.749256
0 0.483837 0.48925 0.484203 0.513156 0.513812 0.512703 0.513445 0.488796
0 0.488609 0.540604 0.489495 0.550433 0.515423 0.548094 0.514536 0.538266
0 0.483828 0.489679 0.483874 0.513546 0.514622 0.513487 0.514576 0.489619
0 0.484655 0.488892 0.48475 0.512039 0.514278 0.511918 0.514183 0.488771
0 0.487094 0.541578 0.488148 0.55124 0.514216 0.548397 0.513162 0.538734
0 0.905819 0.320064 0.9306 0.32486 0.935754 0.298226 0.910973 0.293431
0 0.469344 0.29939 0.469701 0.287853 0.443676 0.287045 0.443319 0.298582
0 0.499434 0.700858 0.500579 0.714075 0.528406 0.711664 0.527261 0.698448
0 0.905588 0.302349 0.908268 0.325138 0.942421 0.321121 0.939741 0.298332
0 0.503954 0.754103 0.506029 0.765593 0.533161 0.760693 0.531086 0.749203
0 0.505536 0.7534 0.507097 0.7647 0.534375 0.760932 0.532814 0.749632
0 0.504264 0.753263 0.505958 0.764677 0.533957 0.76052 0.532262 0.749106
0 0.506343 0.753387 0.508236 0.765746 0.535722 0.761536 0.533829 0.749176
0 0.499506 0.699548 0.501434 0.714194 0.526375 0.710911 0.524447 0.696266
0 0.900411 0.315912 0.914628 0.330737 0.937886 0.308433 0.923669 0.293608
0 0.504705 0.753602 0.506745 0.764957 0.535174 0.759849 0.533134 0.748494
0 0.487056 0.541647 0.488626 0.551891 0.517833 0.547416 0.516263 0.537172
0 0.483928 0.488889 0.48432 0.513732 0.512514 0.513287 0.512122 0.488444
0 0.483629 0.490011 0.484013 0.513631 0.51248 0.513167 0.512096 0.489548
0 0.484057 0.488915 0.484513 0.51341 0.512129 0.512895 0.511672 0.4884
0 0.955797 0.381808 0.973616 0.380628 0.969438 0.31752 0.951619 0.3187
0 0.485275 0.487875 0.485644 0.512521 0.51503 0.512081 0.514661 0.487435
0 0.484135 0.488962 0.484577 0.514029 0.51289 0.513529 0.512447 0.488462
0 0.487803 0.539336 0.4891 0.551187 0.515413 0.548309 0.514117 0.536458
0 0.483786 0.489182 0.484041 0.513726 0.512129 0.513433 0.511873 0.488889
0 0.483739 0.489001 0.484112 0.512849 0.512501 0.512405 0.512128 0.488558
0 0.440778 0.449956 0.441018 0.459689 0.463183 0.459142 0.462943 0.449409
0 0.484163 0.489298 0.484639 0.513842 0.513214 0.513287 0.512738 0.488744
0 0.44603 0.239927 0.451595 0.255001 0.477612 0.245396 0.472047 0.230322
0 0.497882 0.700666 0.499809 0.713154 0.531231 0.708306 0.529305 0.695818
0 0.488097 0.54203 0.489483 0.553417 0.5146 0.550361 0.513214 0.538974
0 0.505594 0.753637 0.507844 0.766286 0.535811 0.761312 0.533561 0.748663
0 0.489033 0.538816 0.489797 0.551517 0.518945 0.549764 0.518181 0.537063
0 0.632546 0.339909 0.635461 0.352079 0.657218 0.346866 0.654303 0.334697
0 0.435363 0.24117 0.437591 0.253599 0.470017 0.247785 0.467788 0.235356
0 0.48395 0.542075 0.485437 0.552883 0.514984 0.54882 0.513498 0.538011
0 0.484844 0.489756 0.48493 0.514027 0.515262 0.51392 0.515177 0.489649
