0 0.780981 0.843531 0.793849 0.857599 0.819315 0.834304 0.806446 0.820236
0 0.490134 0.529412 0.506291 0.532714 0.520261 0.464369 0.504104 0.461066
0 0.607537 0.591592 0.623207 0.580907 0.594022 0.538106 0.578352 0.548791
0 0.75583 0.306357 0.764853 0.32382 0.809233 0.300888 0.80021 0.283426
0 0.151093 0.111677 0.152069 0.130739 0.213105 0.127613 0.212129 0.108552
0 0.920647 0.945806 0.935375 0.933168 0.881452 0.870324 0.866723 0.882962
0 0.877362 0.0779406 0.894718 0.076533 0.891544 0.0373914 0.874188 0.038799
0 0.592019 0.632646 0.603887 0.646517 0.631336 0.623033 0.619468 0.609163
0 0.0596919 0.988125 0.0695352 0.97015 0.0319087 0.949546 0.0220655 0.967521
0 0.724561 0.858431 0.744158 0.8394 0.712446 0.806744 0.692849 0.825775
0 0.075469 0.605462 0.0954797 0.609135 0.0999408 0.584833 0.0799301 0.58116
