0 0.41874 0.708741 0.421726 0.689883 0.358897 0.679934 0.355911 0.698793
0 0.531286 0.91192 0.537933 0.929994 0.601272 0.906698 0.594624 0.888624
0 0.625434 0.954108 0.644414 0.947428 0.627034 0.898041 0.608054 0.90472
0 0.563289 0.975262 0.57003 0.994285 0.627449 0.973937 0.620708 0.954914
0 0.981125 0.677581 0.985951 0.658412 0.943875 0.64782 0.939049 0.666989
0 0.285661 0.0544044 0.300929 0.0659649 0.320843 0.0396639 0.305576 0.0281034
0 0.902213 0.858924 0.916612 0.854263 0.900235 0.803672 0.885837 0.808333
0 0.51758 0.522507 0.52813 0.505335 0.481833 0.476893 0.471283 0.494065
0 0.673572 0.339095 0.685076 0.325164 0.648807 0.295214 0.637303 0.309145
0 0.59315 0.437009 0.606729 0.420515 0.566848 0.387681 0.553269 0.404175
0 0.94235 0.572854 0.960585 0.579103 0.975227 0.536381 0.956993 0.530131
0 0.160495 0.164369 0.174633 0.179527 0.212345 0.144355 0.198207 0.129196
0 0.254077 0.827519 0.273389 0.81719 0.236347 0.747939 0.217035 0.758268
0 0.0519928 0.0141652 0.0681027 0.0310503 0.0982399 0.00229672 0.08213 -0.0145884
0 0.538914 0.503555 0.555113 0.515177 0.577511 0.483955 0.561312 0.472334
0 0.155601 0.777352 0.16932 0.790459 0.206662 0.75137 0.192943 0.738264
0 0.0377266 0.0320514 0.0495065 0.0162732 0.0124153 -0.0114188 0.00063538 0.00435938
0 0.892301 0.718967 0.91116 0.7258 0.922764 0.693777 0.903906 0.686943
