0 0.72621 0.872525 0.74503 0.870022 0.739649 0.829568 0.720829 0.832071
0 0.689036 0.876225 0.691388 0.900241 0.729442 0.896514 0.72709 0.872498
0 0.622245 0.474909 0.626959 0.499604 0.66858 0.491659 0.663866 0.466964
0 0.51037 0.825765 0.528719 0.824022 0.524518 0.779772 0.506169 0.781514
0 0.205398 0.894887 0.210905 0.909733 0.270615 0.887581 0.265107 0.872735
0 0.048176 0.0661174 0.0505435 0.0882982 0.1095 0.0820053 0.107132 0.0598245
0 0.355347 0.0237917 0.37498 0.0243218 0.375615 0.000822386 0.355982 0.000292277
0 0.5241 0.000252927 0.528303 0.0185704 0.573547 0.00818733 0.569344 -0.0101301
0 0.655868 0.434525 0.675204 0.431001 0.67038 0.404525 0.651044 0.408048
0 0.473594 0.49436 0.479602 0.514279 0.522139 0.50145 0.516132 0.481531
0 0.534419 0.894608 0.537843 0.91987 0.634701 0.906744 0.631278 0.881482
0 0.536438 0.894989 0.539711 0.918627 0.582314 0.912728 0.579041 0.88909
0 0.661087 0.904658 0.663395 0.883415 0.641826 0.881071 0.639517 0.902314
0 0.531074 0.890318 0.532568 0.913 0.715991 0.900918 0.714498 0.878237
