0 0.497506 0.534328 0.516561 0.530979 0.50606 0.471229 0.487005 0.474578
0 1.00103 0.85236 1.00676 0.834067 0.946414 0.815167 0.940685 0.83346
0 0.50108 0.397552 0.505395 0.417405 0.571987 0.402932 0.567672 0.383078
0 0.862228 0.85191 0.877069 0.863568 0.908384 0.823702 0.893542 0.812044
0 0.0879825 0.925453 0.103065 0.945691 0.149303 0.911233 0.134221 0.890995
0 0.475649 0.285185 0.481474 0.306435 0.541546 0.289968 0.53572 0.268718
0 0.574708 0.543316 0.584248 0.560819 0.658882 0.520138 0.649342 0.502636
0 0.0248012 0.411021 0.0437743 0.410186 0.0416282 0.361443 0.0226552 0.362278
0 0.977429 0.17629 0.994846 0.168037 0.977176 0.130751 0.959759 0.139004
0 0.557779 0.335622 0.575928 0.332084 0.566809 0.285303 0.54866 0.288841
0 0.0297159 0.58051 0.0484947 0.579766 0.0465503 0.530696 0.0277715 0.53144
0 0.466917 0.351749 0.485515 0.346823 0.474676 0.3059 0.456078 0.310826
0 0.0373989 0.884562 0.055066 0.874209 0.0365331 0.842583 0.018866 0.852936
0 0.914551 0.022231 0.932565 0.0278064 0.941052 0.000383269 0.923039 -0.00519206
0 -0.00216886 0.601039 0.013236 0.601182 0.0134297 0.580257 -0.00197519 0.580115
