0 0.156923 0.94321 0.176825 0.931791 0.138716 0.865374 0.118814 0.876793
0 0.757307 0.210657 0.767064 0.194353 0.71168 0.16121 0.701923 0.177515
0 0.93171 0.593861 0.950744 0.59724 0.961701 0.535519 0.942667 0.53214
0 0.57678 0.397693 0.584724 0.417 0.671651 0.381233 0.663707 0.361926
0 0.0612128 0.775857 0.0784701 0.766108 0.0604118 0.734141 0.0431545 0.74389
0 0.0308166 0.851162 0.0401698 0.867174 0.0938671 0.835806 0.0845139 0.819795
0 0.116348 0.980995 0.1252 0.997062 0.174002 0.970176 0.16515 0.954109
0 0.605596 0.672379 0.615875 0.690149 0.67483 0.656047 0.664551 0.638277
0 0.0747316 0.961072 0.0918656 0.951276 0.072528 0.917453 0.055394 0.927249
0 -0.0107065 0.742421 0.00250821 0.761971 0.0363126 0.739121 0.0230979 0.719571
0 0.936873 0.241818 0.941201 0.260314 0.989644 0.248979 0.985317 0.230483
0 0.934597 0.364265 0.955069 0.361131 0.939068 0.256618 0.918597 0.259752
0 0.221628 0.918451 0.236881 0.931165 0.278883 0.880772 0.263629 0.868058
0 0.492975 0.0906556 0.510142 0.0972561 0.524563 0.0597497 0.507396 0.0531493
0 0.983011 0.242246 0.99972 0.247459 1.00539 0.229281 0.988683 0.224068
0 0.503646 0.51964 0.519744 0.50728 0.498317 0.479375 0.482219 0.491736
