0 0.28772 0.685786 0.303165 0.677766 0.289537 0.651521 0.274092 0.659541
0 0.14281 0.764329 0.164751 0.753375 0.126135 0.676034 0.104195 0.686989
0 0.141068 0.761363 0.163134 0.750688 0.126615 0.675206 0.104549 0.685881
0 0.142512 0.762602 0.166152 0.750302 0.126778 0.67463 0.103138 0.68693
0 0.142538 0.764286 0.162462 0.754853 0.12522 0.676197 0.105296 0.685631
0 0.270876 0.646651 0.28466 0.64078 0.274223 0.616276 0.26044 0.622146
0 0.287973 0.685548 0.303282 0.677453 0.289445 0.651284 0.274136 0.659378
0 0.138963 0.758223 0.159317 0.749301 0.1269 0.675347 0.106546 0.684269
0 0.141773 0.761149 0.161678 0.751746 0.126074 0.67638 0.106169 0.685783
0 0.287428 0.685861 0.30293 0.677994 0.290013 0.652542 0.274511 0.660409
0 0.288988 0.687524 0.303982 0.679467 0.289611 0.652722 0.274617 0.660779
0 0.287345 0.685643 0.302614 0.677774 0.28876 0.650892 0.273492 0.65876
0 0.271352 0.647508 0.284843 0.641281 0.27362 0.616964 0.260128 0.62319
0 0.139835 0.759996 0.161402 0.750252 0.126433 0.672846 0.104865 0.68259
0 0.137123 0.759278 0.15927 0.749769 0.127328 0.675374 0.105181 0.684883
0 0.270061 0.646362 0.283933 0.640263 0.273542 0.616628 0.25967 0.622727
0 0.289142 0.688076 0.304544 0.679816 0.289822 0.652368 0.274421 0.660629
0 0.271259 0.647081 0.285575 0.640185 0.274288 0.616757 0.259972 0.623654
0 0.271393 0.646468 0.28537 0.63958 0.273589 0.615673 0.259613 0.622561
0 0.289903 0.688171 0.305006 0.679588 0.288986 0.651398 0.273883 0.659981
0 0.287693 0.685113 0.303165 0.676866 0.289257 0.650775 0.273785 0.659023
0 0.271131 0.646267 0.284142 0.639843 0.271627 0.614494 0.258616 0.620917
0 0.144098 0.765982 0.167135 0.753754 0.125977 0.676218 0.10294 0.688447
0 0.143949 0.764311 0.166402 0.750523 0.146348 0.717865 0.123894 0.731653
0 0.144311 0.766127 0.167017 0.75194 0.146679 0.71939 0.123973 0.733578
0 0.146045 0.763927 0.163344 0.75475 0.123954 0.680505 0.106655 0.689682
0 0.135189 0.758086 0.155559 0.75041 0.127025 0.674683 0.106655 0.682359
0 0.288657 0.6843 0.30312 0.674386 0.286932 0.650769 0.272469 0.660682
0 0.288982 0.685931 0.303839 0.676156 0.287 0.650561 0.272143 0.660335
0 0.27397 0.65206 0.287254 0.645392 0.273074 0.617144 0.25979 0.623812
0 0.147955 0.76726 0.168716 0.753109 0.144419 0.717462 0.123658 0.731613
0 0.144372 0.764782 0.166958 0.751628 0.147472 0.718168 0.124886 0.731321
0 0.37845 0.0238322 0.393297 0.0195644 0.386591 -0.00376578 0.371744 0.000502024
0 0.14474 0.767118 0.166462 0.754478 0.143352 0.714764 0.12163 0.727405
0 0.294304 0.693677 0.308477 0.684913 0.28811 0.651976 0.273937 0.66074
0 0.378809 0.0226066 0.392669 0.0185449 0.386095 -0.00388773 0.372235 0.000174001
0 0.378866 0.0221574 0.392712 0.018138 0.386565 -0.00303443 0.372719 0.000985027
0 0.377867 0.0231983 0.392506 0.0193413 0.386755 -0.00248542 0.372116 0.0013716
0 0.280236 0.670541 0.296262 0.662407 0.272624 0.615835 0.256598 0.623969
0 0.264804 0.645545 0.28177 0.640783 0.274911 0.616346 0.257945 0.621107
0 0.271786 0.650875 0.286009 0.643534 0.272858 0.618055 0.258635 0.625396
0 0.114 0.705076 0.133267 0.692614 0.111714 0.659291 0.0924472 0.671752
0 0.116691 0.704493 0.136802 0.691316 0.119214 0.664473 0.0991033 0.67765
0 0.292288 0.689125 0.308398 0.678432 0.290096 0.650857 0.273986 0.66155
0 0.28735 0.682487 0.301641 0.674108 0.283466 0.64311 0.269175 0.651489
0 0.37917 0.0252137 0.39288 0.0212346 0.386007 -0.00245063 0.372296 0.00152841
0 0.115918 0.706854 0.137739 0.694864 0.124766 0.671255 0.102946 0.683244
0 0.0836498 0.674125 0.0891621 0.6876 0.120893 0.674619 0.11538 0.661144
0 0.138236 0.756137 0.157239 0.748468 0.126875 0.673232 0.107873 0.680901
0 0.378258 0.0229315 0.393551 0.0182976 0.387031 -0.00321807 0.371739 0.00141582
0 0.270706 0.644518 0.284703 0.638368 0.272835 0.611359 0.258839 0.61751
