0 0.85458 0.397589 0.861715 0.379802 0.805135 0.357104 0.797999 0.374891
0 0.432362 0.904526 0.446713 0.921778 0.535464 0.847953 0.521114 0.830701
0 0.604094 0.320426 0.611935 0.338734 0.706096 0.29841 0.698256 0.280101
0 0.523847 0.534023 0.536743 0.518914 0.481387 0.471665 0.46849 0.486774
0 0.653811 0.696927 0.666913 0.68225 0.612114 0.633326 0.599011 0.648003
0 0.175302 0.927796 0.188022 0.911302 0.129892 0.866472 0.117172 0.882967
0 0.75146 0.348372 0.767543 0.337862 0.73671 0.290677 0.720627 0.301186
0 0.670319 0.679809 0.68382 0.691748 0.717538 0.653619 0.704037 0.64168
0 0.912579 0.267341 0.928175 0.272457 0.971997 0.138883 0.956401 0.133766
0 0.0400089 0.931132 0.0582173 0.946842 0.110106 0.8867 0.091897 0.87099
0 0.100303 1.00211 0.114219 0.985951 0.0608201 0.939952 0.0469039 0.956106
0 0.321722 1.01438 0.332164 0.997382 0.293466 0.97361 0.283024 0.990608
0 0.821542 0.499326 0.838536 0.504953 0.845772 0.483096 0.828779 0.47747
