0 0.106083 0.91652 0.112281 0.935104 0.168254 0.916437 0.162056 0.897854
0 0.16825 0.895351 0.186611 0.889029 0.169591 0.839603 0.15123 0.845925
0 0.0731113 0.85292 0.0803449 0.872455 0.143545 0.849053 0.136312 0.829518
0 0.597669 0.640835 0.602532 0.61741 0.561548 0.608902 0.556685 0.632328
0 0.524142 0.618504 0.52887 0.599208 0.486817 0.588903 0.482089 0.6082
0 0.928081 0.551745 0.929354 0.529985 0.788732 0.52176 0.787459 0.543519
0 0.930088 0.776967 0.948695 0.777686 0.950451 0.732238 0.931844 0.731519
0 0.0592553 0.463298 0.0696171 0.447074 0.0247918 0.418445 0.01443 0.43467
0 0.445255 0.80091 0.459876 0.79609 0.443602 0.746723 0.428981 0.751543
0 0.218119 0.281344 0.229879 0.266811 0.192263 0.236373 0.180504 0.250906
0 0.136349 0.377974 0.1496 0.361611 0.10862 0.328425 0.0953691 0.344788
0 0.484414 0.516114 0.502908 0.522307 0.517802 0.477825 0.499308 0.471633
0 0.0840131 0.439505 0.0983296 0.452533 0.124235 0.424067 0.109919 0.411039
0 0.874904 0.783001 0.876491 0.763974 0.829181 0.760029 0.827594 0.779055
0 0.799258 0.0368617 0.817199 0.0367786 0.817024 -0.000909004 0.799084 -0.000825934
0 0.770252 0.595391 0.788774 0.596235 0.790815 0.551453 0.772293 0.550609
0 0.436083 0.66042 0.45417 0.66648 0.464993 0.63418 0.446906 0.628119
