0 0.319746 0.34022 0.340602 0.335405 0.31878 0.240873 0.297924 0.245688
0 0.524284 0.784328 0.530861 0.761606 0.435487 0.733999 0.42891 0.756721
0 0.97353 0.202907 0.992769 0.198202 0.97285 0.116739 0.953611 0.121443
0 0.564392 0.611443 0.569485 0.59304 0.50452 0.57506 0.499426 0.593463
0 0.482349 0.512277 0.49879 0.521091 0.521193 0.4793 0.504752 0.470486
0 0.926601 0.393192 0.935269 0.373777 0.897673 0.356992 0.889005 0.376407
0 0.358199 0.0163822 0.372739 0.0343357 0.416077 -0.000762444 0.401537 -0.018716
0 0.810487 0.517631 0.823934 0.533122 0.856288 0.505037 0.842841 0.489546
0 0.889022 0.446719 0.903506 0.462717 0.93688 0.432503 0.922396 0.416505
0 0.399629 0.0800869 0.40927 0.0607707 0.373449 0.0428922 0.363808 0.0622084
