0 0.630527 0.704819 0.653173 0.713623 0.688722 0.62218 0.666076 0.613376
0 0.560936 0.777737 0.5744 0.793723 0.607125 0.766161 0.593661 0.750175
0 0.465934 0.514764 0.483231 0.534159 0.609899 0.421198 0.592602 0.401802
0 0.0608834 0.905602 0.0777339 0.896809 0.0561456 0.85544 0.0392951 0.864233
0 0.405711 0.293302 0.42244 0.30963 0.450118 0.281271 0.433389 0.264943
0 0.202909 0.371534 0.218998 0.390125 0.260461 0.354241 0.244371 0.33565
0 0.344514 0.158589 0.359438 0.144354 0.332396 0.116004 0.317472 0.13024
0 0.0779055 0.212501 0.0929771 0.231023 0.123431 0.206242 0.108359 0.18772
0 0.30189 0.193576 0.319705 0.179058 0.295391 0.14922 0.277575 0.163738
0 0.277131 0.131564 0.294424 0.150911 0.320236 0.12784 0.302944 0.108493
