0 0.288853 0.637316 0.298411 0.618059 0.253045 0.595543 0.243488 0.614801
0 0.410098 0.283583 0.416502 0.264272 0.364289 0.246957 0.357885 0.266269
0 0.305113 0.613293 0.320265 0.625942 0.344081 0.597411 0.328928 0.584763
0 0.228552 0.542666 0.243757 0.554927 0.26599 0.527355 0.250785 0.515094
0 0.326757 0.535712 0.334219 0.516987 0.283542 0.496793 0.27608 0.515519
0 0.528629 0.599218 0.548354 0.598057 0.543202 0.510578 0.523477 0.51174
0 0.282058 0.719091 0.302257 0.716257 0.294788 0.66303 0.274589 0.665865
0 0.453383 0.814317 0.456759 0.833127 0.487594 0.827593 0.484218 0.808783
0 0.53823 0.30979 0.541893 0.28853 0.495129 0.280475 0.491467 0.301734
0 0.462113 0.483097 0.479543 0.475601 0.469132 0.451393 0.451701 0.45889
0 0.481752 0.491714 0.483163 0.51166 0.514312 0.509455 0.512901 0.48951
0 0.582134 0.102564 0.599985 0.106068 0.612798 0.0408072 0.594947 0.0373025
0 0.113864 0.487716 0.123408 0.476404 0.0878442 0.446394 0.0782994 0.457705
0 0.515809 0.808957 0.517292 0.829713 0.552169 0.827221 0.550686 0.806465
