0 0.248282 0.250835 0.263943 0.263238 0.331263 0.178234 0.315601 0.165831
0 0.629283 0.686144 0.649254 0.684692 0.645471 0.632652 0.6255 0.634104
0 0.315656 0.141166 0.329481 0.127151 0.272956 0.0713921 0.25913 0.0854075
0 0.242651 0.263267 0.255979 0.249437 0.206602 0.201851 0.193274 0.21568
0 0.419692 0.221652 0.422903 0.242272 0.461437 0.236272 0.458226 0.215652
0 0.200636 0.108722 0.214662 0.122088 0.249626 0.085397 0.2356 0.0720305
0 0.460992 0.846966 0.479679 0.853229 0.492107 0.816147 0.47342 0.809884
0 0.435676 0.493709 0.452314 0.483099 0.434968 0.455896 0.41833 0.466505
0 0.475912 0.500322 0.485165 0.519141 0.533315 0.495467 0.524062 0.476648
0 0.513051 0.98798 0.518356 0.968052 0.445858 0.948752 0.440553 0.96868
0 0.162986 0.144308 0.178334 0.156975 0.20105 0.129453 0.185702 0.116785
0 0.0077806 0.550353 0.0188061 0.533362 -0.000953473 0.52054 -0.011979 0.53753
