0 0.549546 0.341521 0.56026 0.323576 0.511023 0.294179 0.500309 0.312124
0 0.456563 0.483636 0.466319 0.465698 0.427845 0.444773 0.418089 0.46271
0 0.62036 0.356017 0.636461 0.367607 0.657044 0.339013 0.640943 0.327423
0 0.63715 0.407682 0.650539 0.392817 0.627635 0.372187 0.614246 0.387052
0 0.544689 0.220613 0.557781 0.23406 0.583127 0.209384 0.570036 0.195937
0 0.670448 0.265379 0.68238 0.249022 0.639643 0.217846 0.627711 0.234202
0 0.525029 0.527579 0.536073 0.510413 0.501816 0.488374 0.490772 0.50554
0 0.810326 0.525206 0.820969 0.505558 0.77855 0.482579 0.767907 0.502227
0 0.580109 0.189977 0.595591 0.177709 0.582482 0.161167 0.567 0.173435
0 0.360616 0.672676 0.366638 0.6576 0.329424 0.642733 0.323401 0.657809
0 0.416239 0.706088 0.425579 0.68988 0.390734 0.669802 0.381394 0.68601
0 0.620102 0.223412 0.631348 0.208211 0.60506 0.188763 0.593814 0.203964
