0 0.495212 0.900022 0.514001 0.907057 0.533667 0.854535 0.514878 0.8475
0 0.368773 0.854392 0.387466 0.861144 0.405261 0.811884 0.386569 0.805131
0 0.238717 0.806933 0.257365 0.813319 0.273859 0.765153 0.255211 0.758767
0 0.119037 0.763333 0.137926 0.769866 0.155694 0.71849 0.136806 0.711957
0 0.722283 0.105391 0.722789 0.0901336 0.662876 0.0881436 0.662369 0.103401
0 0.342295 0.515121 0.361448 0.510473 0.348652 0.457743 0.329499 0.462391
0 0.46827 0.586469 0.47002 0.567829 0.435451 0.564583 0.433702 0.583223
0 0.638418 0.0847657 0.653519 0.0855405 0.655476 0.0474049 0.640375 0.0466301
0 0.0190049 0.606408 0.0242469 0.590456 -0.00108498 0.582132 -0.00632695 0.598084
0 0.0179381 0.885503 0.0190774 0.901513 0.0687011 0.897982 0.0675618 0.881972
0 0.427595 0.12794 0.445178 0.123045 0.437049 0.0938532 0.419467 0.098749
0 0.168504 0.96206 0.172402 0.943688 0.143382 0.93753 0.139483 0.955901
0 0.113701 0.934467 0.132327 0.937895 0.136844 0.913351 0.118218 0.909923
0 0.304748 1.00626 0.308843 0.995324 0.261073 0.977444 0.256978 0.988384
0 0.154086 1.00648 0.156546 0.990834 0.118621 0.984871 0.11616 1.00052
