0 0.865391 0.669975 0.866705 0.649899 0.827175 0.647312 0.825861 0.667388
0 0.540181 0.378975 0.540964 0.361615 0.51271 0.360341 0.511928 0.377701
0 0.345378 0.775598 0.34613 0.756526 0.312842 0.755214 0.31209 0.774286
0 0.566672 0.318631 0.582438 0.311925 0.570966 0.284956 0.5552 0.291663
0 0.681875 0.1866 0.689695 0.206442 0.723853 0.19298 0.716033 0.173138
0 0.261562 0.631064 0.275951 0.622638 0.263776 0.601845 0.249387 0.610271
0 0.235258 0.664116 0.240983 0.680082 0.274807 0.667955 0.269082 0.651988
0 0.188813 0.615694 0.200437 0.625998 0.217997 0.606188 0.206373 0.595885
0 0.112342 0.421995 0.116709 0.43899 0.143383 0.432135 0.139016 0.41514
0 0.13833 0.416349 0.150444 0.410842 0.137502 0.382375 0.125388 0.387883
0 0.487441 0.52048 0.502544 0.51309 0.492088 0.491719 0.476984 0.499108
0 0.188082 0.67087 0.203562 0.668083 0.198773 0.641475 0.183292 0.644261
0 0.694081 0.260959 0.709704 0.253408 0.694348 0.221637 0.678725 0.229188
0 0.425941 0.293253 0.440196 0.286628 0.42405 0.251887 0.409795 0.258512
