0 0.313935 0.707764 0.334134 0.712342 0.362987 0.58503 0.342788 0.580453
0 0.773918 0.796452 0.792375 0.798564 0.797494 0.753812 0.779037 0.751701
0 0.024906 0.587912 0.0416799 0.593066 0.0557006 0.547435 0.0389267 0.542281
0 0.774428 0.746424 0.777119 0.727649 0.722409 0.719808 0.719718 0.738583
0 0.818363 0.0383757 0.820319 0.0191606 0.788579 0.0159303 0.786624 0.0351454
0 0.815348 0.112781 0.817146 0.0918349 0.784785 0.0890567 0.782987 0.110003
0 0.999774 0.860519 1.00252 0.841736 0.971416 0.837185 0.968668 0.855968
0 0.441712 0.727382 0.460484 0.731962 0.470676 0.690183 0.451905 0.685603
0 0.688642 0.780684 0.706453 0.783222 0.712797 0.738705 0.694986 0.736167
0 0.783299 0.717741 0.802024 0.719887 0.807657 0.67074 0.788931 0.668594
0 0.74965 0.813827 0.752922 0.795472 0.643848 0.776031 0.640576 0.794385
0 0.489269 0.510836 0.5083 0.514039 0.515942 0.468629 0.496911 0.465426
0 -0.00586296 0.674628 0.011462 0.679044 0.0247882 0.626762 0.00746319 0.622346
0 0.807283 0.475355 0.807283 0.454803 0.769335 0.454801 0.769334 0.475354
0 0.425199 0.755475 0.426575 0.738575 0.393641 0.735892 0.392264 0.752792
0 0.701568 0.0189764 0.703075 0.00106722 0.672912 -0.00147076 0.671405 0.0164384
0 0.850975 0.0932768 0.871719 0.0951193 0.875579 0.0516614 0.854834 0.0498189
