0 0.786765 0.624905 0.789788 0.603421 0.74629 0.5973 0.743267 0.618784
0 0.594206 0.723856 0.614087 0.725813 0.616258 0.703746 0.596377 0.70179
0 0.607757 0.663244 0.62532 0.654188 0.607178 0.619002 0.589614 0.628058
0 0.65756 0.483359 0.676322 0.47352 0.657622 0.437857 0.638859 0.447696
0 0.521256 0.510249 0.524237 0.491658 0.477124 0.484103 0.474143 0.502694
0 0.642908 0.42133 0.660541 0.425086 0.665183 0.403293 0.647549 0.399538
0 0.449783 0.796414 0.456162 0.808485 0.487625 0.791858 0.481247 0.779787
0 0.998493 0.0809111 0.998811 0.0647109 0.979582 0.0643326 0.979263 0.0805328
0 0.268747 0.869411 0.274157 0.888873 0.307074 0.879722 0.301663 0.86026
0 0.998224 0.143887 1.00567 0.131845 0.974346 0.112489 0.966904 0.124531
0 0.626173 0.668711 0.64483 0.670275 0.646402 0.651529 0.627745 0.649964
