0 0.963252 0.24565 0.971473 0.227503 0.920984 0.204629 0.912762 0.222776
0 0.756244 0.561881 0.76026 0.540112 0.699654 0.528932 0.695638 0.550701
0 0.678803 0.524615 0.694371 0.527789 0.704307 0.479062 0.688739 0.475887
0 0.84994 0.616169 0.871834 0.620589 0.879494 0.58265 0.857601 0.578229
0 0.331913 0.173395 0.347941 0.161455 0.322281 0.127009 0.306253 0.138949
0 0.622479 0.858817 0.640369 0.860336 0.643688 0.821231 0.625799 0.819712
0 0.763519 0.365637 0.779632 0.358033 0.764463 0.32589 0.74835 0.333494
0 0.861667 0.577986 0.865548 0.553721 0.812355 0.545215 0.808475 0.569479
0 0.780915 0.343523 0.796339 0.360201 0.873787 0.288572 0.858363 0.271894
0 0.505039 0.520616 0.521772 0.507874 0.486735 0.461863 0.470002 0.474605
