0 0.472278 0.05395 0.487205 0.0655149 0.507724 0.0390308 0.492796 0.0274659
0 0.541225 0.0674707 0.554187 0.0514093 0.516152 0.020714 0.50319 0.0367754
0 0.856128 0.369543 0.871677 0.382147 0.901809 0.344975 0.88626 0.332371
0 0.335842 0.333304 0.347604 0.315385 0.317127 0.29538 0.305365 0.313299
0 0.50966 0.106961 0.521035 0.090139 0.487668 0.0675769 0.476293 0.0843993
0 0.911274 0.408249 0.927541 0.416653 0.945502 0.381884 0.929236 0.37348
0 0.230779 0.356547 0.245383 0.367426 0.2779 0.323777 0.263297 0.312898
0 0.983639 0.995412 0.996963 0.978895 0.916614 0.914077 0.903289 0.930594
0 0.906298 0.912361 0.916287 0.927652 1.00413 0.870264 0.994142 0.854973
0 0.888491 0.424688 0.899873 0.408956 0.872893 0.389436 0.861511 0.405169
0 0.732622 0.631977 0.740005 0.619627 0.71433 0.604279 0.706948 0.616629
0 0.639502 0.662145 0.65452 0.673403 0.690851 0.624937 0.675833 0.61368
0 0.524327 0.0890998 0.538991 0.0987215 0.552913 0.0775027 0.538249 0.0678809
0 0.00271077 0.997685 0.0186392 1.00838 0.0421641 0.973358 0.0262357 0.962659
