0 0.668315 0.38146 0.682102 0.364842 0.558651 0.262421 0.544864 0.279039
0 0.727514 0.0951121 0.74159 0.109807 0.783909 0.0692705 0.769833 0.0545755
0 0.639036 0.170946 0.651301 0.184897 0.706523 0.136346 0.694258 0.122395
0 0.558032 0.246929 0.570964 0.260509 0.632862 0.201558 0.619929 0.187979
0 0.965031 0.593802 0.977033 0.606326 1.00023 0.584092 0.98823 0.571568
0 0.444178 0.340916 0.445317 0.325354 0.400319 0.32206 0.39918 0.337622
0 0.724097 0.249723 0.736992 0.261406 0.774253 0.22028 0.761358 0.208597
0 0.657965 0.340272 0.671163 0.349854 0.694133 0.318216 0.680936 0.308634
0 0.778114 0.190967 0.794177 0.202909 0.818587 0.170077 0.802524 0.158134
0 0.805936 0.158917 0.817174 0.173243 0.841915 0.153833 0.830676 0.139508
