0 0.279829 0.375092 0.299333 0.375835 0.301475 0.319607 0.281972 0.318864
0 0.49748 0.360233 0.51817 0.361438 0.519647 0.336063 0.498957 0.334859
0 0.487407 0.520729 0.510283 0.522484 0.514091 0.47284 0.491215 0.471085
0 0.274313 0.51061 0.295958 0.51071 0.296118 0.47642 0.274473 0.476319
0 0.492371 0.369827 0.496814 0.3491 0.292688 0.305334 0.288244 0.326061
0 0.493431 0.412655 0.512048 0.413846 0.514566 0.374504 0.495949 0.373313
0 0.486288 0.522718 0.508172 0.524549 0.518723 0.398381 0.496839 0.396551
0 0.395499 0.348483 0.39938 0.328141 0.343126 0.317407 0.339245 0.337749
0 0.481656 0.367715 0.485843 0.347958 0.397366 0.329204 0.393178 0.34896
0 0.445682 0.360402 0.449929 0.340612 0.400232 0.329949 0.395986 0.349738
