0 0.045531 0.30431 0.0641018 0.307271 0.0826622 0.190878 0.0640913 0.187917
0 0.400282 0.433436 0.40677 0.414713 0.374964 0.403691 0.368476 0.422415
0 0.160107 0.940308 0.172574 0.956773 0.225761 0.916504 0.213294 0.900039
0 0.0585586 0.162562 0.0713881 0.147188 0.0296506 0.112358 0.0168211 0.127732
0 0.272107 0.413656 0.288376 0.424241 0.309108 0.392377 0.292838 0.381791
0 0.252699 0.951544 0.268878 0.940333 0.251013 0.914553 0.234834 0.925764
0 0.754166 0.550609 0.772768 0.550159 0.771836 0.511559 0.753234 0.512008
0 0.802546 0.550442 0.821828 0.549417 0.819767 0.510629 0.800485 0.511654
0 0.487849 0.508537 0.505807 0.512738 0.513812 0.478514 0.495854 0.474314
0 0.769021 0.547805 0.769543 0.568193 0.803047 0.567334 0.802525 0.546947
0 0.530586 0.591389 0.53818 0.573533 0.503425 0.558753 0.495831 0.576608
0 0.030721 0.376734 0.0318488 0.356116 0.0031313 0.354545 0.00200348 0.375163
0 0.22837 0.981376 0.244314 1.00049 0.26976 0.979264 0.253816 0.96015
