0 0.510165 0.786662 0.516453 0.805744 0.614575 0.773411 0.608287 0.754329
0 0.411648 0.699287 0.429961 0.692862 0.416486 0.654455 0.398173 0.660881
0 0.546168 0.968011 0.563782 0.959753 0.547311 0.924623 0.529698 0.932881
0 0.0767184 0.355183 0.0891967 0.369078 0.125577 0.336406 0.113099 0.322512
0 0.449339 0.810759 0.466847 0.803827 0.452269 0.767006 0.434761 0.773937
0 0.609384 0.758867 0.627319 0.753063 0.605536 0.685751 0.587601 0.691555
0 0.640842 0.557276 0.655622 0.545674 0.618455 0.498326 0.603674 0.509928
0 0.353306 0.88095 0.353842 0.901971 0.404469 0.90068 0.403932 0.879659
0 0.728182 0.138298 0.739558 0.12185 0.65822 0.0655916 0.646844 0.0820392
0 0.793922 0.112091 0.806955 0.123071 0.82045 0.107053 0.807416 0.0960727
0 0.732653 0.139661 0.741811 0.124076 0.710946 0.105938 0.701788 0.121524
