0 0.107678 0.41494 0.111318 0.397119 0.0676585 0.388202 0.0640185 0.406023
0 0.915673 0.346821 0.923847 0.364936 0.977784 0.340597 0.969609 0.322482
0 0.486004 0.565787 0.509731 0.566758 0.513012 0.486595 0.489285 0.485624
0 0.481793 0.489895 0.482819 0.47161 0.438013 0.469095 0.436987 0.48738
0 0.935439 0.455203 0.954111 0.446973 0.920388 0.370464 0.901716 0.378694
0 0.508055 0.613567 0.52384 0.608018 0.513179 0.577689 0.497394 0.583237
0 0.963538 0.462137 0.97209 0.480192 1.00548 0.464374 0.996929 0.446319
0 0.763874 0.0404924 0.777161 0.0353076 0.761353 -0.0052056 0.748065 -2.08006e-05
0 0.0175361 0.507896 0.0363756 0.512672 0.0640457 0.403518 0.0452062 0.398742
0 0.791097 0.0449798 0.799181 0.0615566 0.845092 0.0391681 0.837008 0.0225912
0 0.017621 0.50352 0.0345383 0.507246 0.0398054 0.483331 0.0228881 0.479605
0 0.994981 0.371052 1.00955 0.365903 1.00027 0.339617 0.985694 0.344766
0 -0.00119511 0.181679 0.0176421 0.186575 0.0235675 0.163778 0.00473025 0.158882
0 0.230153 0.654404 0.231148 0.643644 0.207264 0.641436 0.206269 0.652196
0 0.0188361 0.505428 0.0336216 0.508951 0.0465618 0.454648 0.0317763 0.451124
