0 0.852788 0.482604 0.863141 0.465215 0.827617 0.444064 0.817263 0.461453
0 0.704194 0.444264 0.722881 0.451295 0.734334 0.420852 0.715647 0.413821
0 0.549833 0.368408 0.565073 0.375827 0.577661 0.349969 0.56242 0.34255
0 0.757973 0.63589 0.774775 0.645529 0.808238 0.5872 0.791436 0.577561
0 0.61027 0.564303 0.628237 0.570292 0.639287 0.537142 0.62132 0.531152
0 0.118769 0.150198 0.136422 0.15563 0.144403 0.129694 0.126749 0.124262
0 0.483634 0.513999 0.500644 0.522098 0.515253 0.491416 0.498243 0.483317
0 0.419061 0.502773 0.42685 0.484805 0.358948 0.455368 0.351158 0.473336
0 0.052312 0.283505 0.0694257 0.293392 0.0859672 0.264763 0.0688535 0.254875
0 0.0049979 -0.000559567 0.0070375 0.0193266 0.07045 0.0128227 0.0684104 -0.00706342
0 0.745302 0.654894 0.754159 0.636063 0.712338 0.616394 0.703481 0.635225
0 0.481919 0.984304 0.495034 0.992776 0.514558 0.962553 0.501443 0.954081
0 0.417341 0.240115 0.419566 0.22076 0.373589 0.215474 0.371363 0.234828
