0 0.648002 0.401413 0.662918 0.420529 0.73377 0.365245 0.718854 0.346129
0 0.420493 0.061592 0.432625 0.0793341 0.48554 0.0431506 0.473408 0.0254085
0 0.633664 0.408911 0.649125 0.397405 0.618297 0.355977 0.602836 0.367483
0 0.183192 0.158403 0.191274 0.140562 0.157326 0.125184 0.149244 0.143025
0 0.265755 0.180036 0.282841 0.189491 0.314483 0.132309 0.297398 0.122855
0 0.526168 0.0787979 0.541776 0.0680296 0.511984 0.0248446 0.496375 0.0356129
0 0.446946 0.422138 0.458187 0.439188 0.518142 0.399661 0.506901 0.382611
0 0.165415 0.825226 0.181732 0.836002 0.208764 0.79507 0.192448 0.784294
0 0.626922 0.315219 0.636068 0.332725 0.685047 0.307135 0.675901 0.289629
0 0.897709 0.730637 0.909519 0.749381 0.963446 0.715405 0.951636 0.696661
0 0.518543 0.50793 0.520665 0.489664 0.491528 0.486281 0.489407 0.504546
