0 0.150892 0.0935705 0.164731 0.108268 0.207562 0.0679393 0.193723 0.0532416
0 0.719726 0.0605721 0.73002 0.0783778 0.768374 0.0562037 0.75808 0.0383981
0 0.687101 0.893812 0.701724 0.879617 0.674177 0.851238 0.659553 0.865433
0 0.0464824 0.0922609 0.0583074 0.0738287 0.0245791 0.0521906 0.0127541 0.0706229
0 0.939986 0.446535 0.95107 0.465293 0.990216 0.442162 0.979133 0.423404
0 0.944059 0.648553 0.957676 0.63382 0.925721 0.604287 0.912105 0.61902
0 0.895585 0.550483 0.915624 0.55234 0.919099 0.514852 0.89906 0.512995
0 0.69584 0.06435 0.714032 0.0604261 0.701928 0.00430715 0.683735 0.0082311
0 0.423722 0.585373 0.432931 0.602791 0.460743 0.588087 0.451534 0.570669
0 0.249945 0.495488 0.270893 0.496336 0.271869 0.472207 0.250921 0.47136
0 0.327818 0.585122 0.333404 0.566862 0.313888 0.560892 0.308303 0.579152
0 0.567432 0.984046 0.57797 0.970162 0.554895 0.952648 0.544357 0.966532
0 0.31826 0.376821 0.327261 0.396573 0.355715 0.383607 0.346714 0.363854
0 0.489373 0.511036 0.509394 0.511776 0.510282 0.487758 0.49026 0.487018
0 0.0654643 0.946149 0.0747206 0.932034 0.0498222 0.915706 0.0405658 0.929822
