0 0.391265 0.110997 0.405246 0.125912 0.448491 0.0853755 0.434511 0.0704604
0 0.121469 0.503073 0.141351 0.505147 0.146549 0.45531 0.126667 0.453236
0 0.288536 0.10976 0.299702 0.0914787 0.263238 0.0692079 0.252072 0.0874897
0 0.957345 0.0798638 0.967965 0.0979578 1.00638 0.0754138 0.995755 0.0573198
0 0.927728 0.911502 0.94179 0.897211 0.91293 0.868813 0.898868 0.883104
0 0.0497053 0.426422 0.0504272 0.447486 0.0996973 0.445798 0.0989754 0.424733
0 0.937269 0.0841351 0.955588 0.0796714 0.941077 0.0201195 0.922759 0.0245832
0 0.1197 0.523719 0.122252 0.504333 0.0880812 0.499835 0.085529 0.519221
0 0.041027 0.449717 0.0445551 0.429756 0.00218384 0.422266 -0.00134434 0.442228
0 0.305617 0.963639 0.315182 0.949451 0.290235 0.932632 0.28067 0.94682
0 0.568859 0.603326 0.574058 0.584159 0.554612 0.578885 0.549414 0.598052
0 0.730166 0.528519 0.749754 0.528972 0.750311 0.504878 0.730724 0.504424
0 0.489645 0.513148 0.509922 0.514713 0.511961 0.488298 0.491684 0.486733
0 0.558909 0.394101 0.567417 0.413426 0.597661 0.400111 0.589153 0.380786
0 0.66299 0.605039 0.672753 0.621805 0.699847 0.60603 0.690084 0.589263
0 0.29487 0.512644 0.315103 0.511871 0.313464 0.469013 0.293231 0.469786
0 0.809909 1.00171 0.819212 0.98687 0.795969 0.972304 0.786667 0.987147
