0 0.62318 0.344946 0.640649 0.35994 0.690827 0.301477 0.673357 0.286483
0 0.471336 0.515104 0.486304 0.528506 0.528118 0.481805 0.51315 0.468404
0 0.595249 0.117536 0.611939 0.130417 0.644705 0.0879661 0.628015 0.0750843
0 0.560171 0.625407 0.567287 0.645158 0.643184 0.617816 0.636069 0.598065
0 0.691365 0.11697 0.703244 0.101042 0.659524 0.0684353 0.647645 0.0843636
0 0.237049 0.5001 0.251159 0.513343 0.285837 0.476394 0.271727 0.463151
0 0.276816 0.580474 0.295482 0.566099 0.271353 0.534769 0.252688 0.549144
0 0.778979 0.466754 0.798101 0.478232 0.833372 0.419474 0.814251 0.407996
0 0.311362 0.560877 0.316694 0.582418 0.365913 0.570236 0.360581 0.548695
0 0.57217 0.674834 0.583901 0.669809 0.573205 0.644839 0.561474 0.649863
0 0.720004 1.00291 0.721478 0.990004 0.704155 0.988026 0.702681 1.00094
