0 0.266327 0.341372 0.274798 0.324476 0.242842 0.308456 0.234371 0.325351
0 0.353604 0.225527 0.356805 0.206584 0.324658 0.201152 0.321457 0.220095
0 0.201106 0.516038 0.208821 0.499478 0.177963 0.485102 0.170248 0.501662
0 0.552841 0.27316 0.557784 0.254145 0.511446 0.242099 0.506503 0.261113
0 0.254602 0.567231 0.269418 0.555549 0.241074 0.519598 0.226257 0.53128
0 0.443774 0.666757 0.444038 0.646749 0.411761 0.646323 0.411497 0.666331
0 0.0715456 0.282 0.0757816 0.266753 0.0531315 0.26046 0.0488956 0.275708
0 0.0380653 0.886393 0.0489986 0.903398 0.0739458 0.887359 0.0630126 0.870354
0 0.0249136 0.242441 0.0403508 0.250365 0.0549567 0.221909 0.0395195 0.213985
0 0.261133 0.0389284 0.261363 0.0589823 0.355497 0.0579021 0.355267 0.0378482
0 0.482125 0.514417 0.497276 0.522781 0.513831 0.492793 0.49868 0.484429
0 0.359152 0.0570266 0.359369 0.0370862 0.32861 0.0367508 0.328393 0.0566911
0 0.293231 0.0594156 0.293457 0.039988 0.26034 0.0396025 0.260113 0.0590301
