0 0.429586 0.628377 0.437541 0.611242 0.405036 0.596151 0.397081 0.613286
0 0.515767 0.513309 0.519466 0.494493 0.488628 0.488431 0.48493 0.507247
0 0.716597 0.560608 0.721719 0.542453 0.673333 0.528804 0.668211 0.546959
0 0.821162 0.228145 0.827004 0.209561 0.781619 0.195295 0.775777 0.21388
0 0.362462 0.802997 0.370409 0.787012 0.33984 0.771814 0.331893 0.787799
0 0.417135 0.853158 0.430836 0.841649 0.403051 0.808572 0.38935 0.820081
0 0.572724 0.933858 0.572915 0.953631 0.607089 0.9533 0.606897 0.933528
0 0.235213 0.569509 0.239137 0.554049 0.215245 0.547985 0.211322 0.563446
0 0.418412 0.0435984 0.418822 0.0625254 0.514637 0.06045 0.514227 0.0415231
0 0.187609 0.525798 0.203553 0.534622 0.217563 0.509307 0.201618 0.500483
0 0.398189 0.175393 0.417215 0.175332 0.417131 0.149019 0.398105 0.149079
0 0.643599 0.801661 0.659625 0.810513 0.676592 0.779795 0.660565 0.770943
0 0.447695 0.0624011 0.448103 0.0408563 0.41545 0.040237 0.415041 0.0617817
0 0.425567 0.32513 0.425832 0.345854 0.520035 0.344646 0.519769 0.323923
0 0.521608 0.342737 0.521696 0.323548 0.488338 0.323395 0.48825 0.342584
0 0.514489 0.0619966 0.515249 0.0397447 0.488864 0.038844 0.488105 0.061096
