0 0.803812 0.279159 0.814715 0.26379 0.771165 0.232896 0.760263 0.248264
0 0.614272 0.544684 0.624928 0.529625 0.579132 0.49722 0.568476 0.51228
0 0.433943 0.86059 0.44392 0.8434 0.398482 0.817029 0.388505 0.834219
0 0.486337 0.506127 0.503807 0.514671 0.513488 0.494877 0.496017 0.486333
0 0.447165 0.669039 0.459294 0.676486 0.474626 0.651518 0.462497 0.64407
0 0.24539 0.32991 0.261994 0.339539 0.280698 0.307283 0.264095 0.297655
0 0.275457 0.243697 0.290381 0.23596 0.275797 0.207831 0.260874 0.215568
0 0.157822 0.422699 0.166845 0.407532 0.138655 0.390761 0.129632 0.405928
0 0.22162 0.229516 0.225958 0.242864 0.270114 0.228513 0.265776 0.215165
0 0.960837 0.853097 0.979436 0.848244 0.972641 0.822202 0.954042 0.827054
0 0.523316 0.669588 0.539055 0.678584 0.55346 0.653382 0.537721 0.644386
