0 0.425905 0.069456 0.429339 0.0502143 0.397038 0.0444493 0.393604 0.063691
0 0.339924 0.185421 0.347972 0.168022 0.314568 0.15257 0.306519 0.169968
0 0.2738 0.360278 0.281578 0.343766 0.249902 0.328844 0.242123 0.345355
0 0.326003 0.410522 0.340914 0.399058 0.313922 0.363949 0.299011 0.375413
0 0.625746 0.117421 0.631142 0.0984431 0.584031 0.085048 0.578635 0.104026
0 0.146326 0.126208 0.150581 0.111254 0.126421 0.10438 0.122166 0.119333
0 0.515629 0.510641 0.515706 0.490544 0.484089 0.490422 0.484011 0.510519
0 0.00730553 0.783864 0.0256098 0.771343 0.00522432 0.741542 -0.01308 0.754064
0 0.0971704 0.0856384 0.112696 0.0931769 0.126473 0.0648038 0.110947 0.0572653
0 0.111636 0.73124 0.123291 0.746855 0.146264 0.729708 0.134609 0.714093
0 0.554842 0.356806 0.569368 0.365332 0.586336 0.336421 0.57181 0.327895
0 0.216392 0.949889 0.216761 0.931466 0.179963 0.930729 0.179594 0.949152
