0 0.606862 0.485742 0.621632 0.473866 0.57256 0.412835 0.55779 0.424711
0 0.113513 0.725076 0.124042 0.741224 0.179043 0.705362 0.168514 0.689214
0 0.492448 0.444969 0.504501 0.459033 0.555365 0.41544 0.543312 0.401376
0 0.52553 0.551543 0.541206 0.54045 0.496099 0.476706 0.480423 0.487799
0 0.26221 0.764256 0.279375 0.753086 0.252806 0.712254 0.23564 0.723424
0 0.996854 0.143175 1.00834 0.1267 0.929841 0.0719848 0.918358 0.088459
0 0.921059 0.0617845 0.936046 0.0739406 0.98706 0.0110449 0.972073 -0.00111118
0 0.160661 0.0630353 0.177239 0.0535301 0.156051 0.016578 0.139473 0.0260831
0 0.232877 0.716777 0.239787 0.701963 0.211868 0.688939 0.204957 0.703753
0 0.541883 0.538129 0.552068 0.551899 0.584609 0.527832 0.574425 0.514062
0 0.0399447 0.539354 0.0510642 0.527968 0.0126173 0.49042 0.0014979 0.501806
0 0.0527568 0.886838 0.0620862 0.901984 0.0875345 0.886309 0.078205 0.871163
