0 0.420546 0.267376 0.432285 0.246108 0.367639 0.210426 0.3559 0.231694
0 0.404008 0.330511 0.433032 0.342224 0.455194 0.287308 0.426171 0.275595
0 0.0473637 0.958391 0.0570011 0.941061 0.00143286 0.910159 -0.00820447 0.927489
0 0.813871 0.994275 0.82016 0.974558 0.771579 0.959062 0.76529 0.97878
0 0.820443 0.976444 0.842319 0.982607 0.85361 0.942533 0.831734 0.936369
0 0.835957 0.931694 0.842639 0.913659 0.811225 0.90202 0.804543 0.920055
0 0.373799 0.376927 0.391911 0.393586 0.415203 0.368262 0.397091 0.351603
0 0.322963 0.20895 0.335324 0.188418 0.282733 0.156757 0.270372 0.177289
0 0.0368637 0.882156 0.0468928 0.864662 0.0184776 0.848372 0.00844852 0.865867
0 0.505539 0.457398 0.514092 0.438834 0.49299 0.429112 0.484437 0.447676
0 0.322576 0.359409 0.342583 0.340997 0.289586 0.283407 0.269579 0.301819
0 0.922884 0.636794 0.92992 0.62317 0.891694 0.60343 0.884658 0.617054
0 0.358672 0.391994 0.375791 0.37558 0.34869 0.347315 0.331571 0.363729
0 0.258297 0.254239 0.284622 0.252701 0.28037 0.179922 0.254045 0.18146
