0 0.620666 0.955667 0.621597 0.972507 0.677524 0.969415 0.676593 0.952575
0 0.750873 0.472794 0.763237 0.472851 0.763374 0.443256 0.75101 0.443198
0 0.750737 0.471308 0.762728 0.471456 0.763088 0.442364 0.751097 0.442216
0 0.622452 0.955584 0.623246 0.972273 0.680309 0.969558 0.679515 0.952869
0 0.750704 0.471737 0.762927 0.471917 0.76335 0.443209 0.751127 0.443029
0 0.751262 0.471997 0.763535 0.472032 0.763614 0.443924 0.75134 0.44389
0 0.62369 0.955065 0.624401 0.972532 0.679296 0.970296 0.678585 0.952829
0 0.619932 0.956621 0.620781 0.973267 0.679528 0.970273 0.67868 0.953626
0 0.620909 0.955514 0.621779 0.972687 0.678251 0.969827 0.677381 0.952653
0 0.619236 0.955826 0.620477 0.973223 0.679877 0.968988 0.678636 0.951591
0 0.679225 0.942419 0.700099 0.94146 0.698493 0.9065 0.677618 0.90746
0 0.6178 0.956333 0.618747 0.972979 0.679112 0.969546 0.678165 0.9529
0 0.678836 0.943952 0.699968 0.942983 0.698323 0.907109 0.677192 0.908077
0 0.623558 0.955118 0.624496 0.972992 0.679387 0.970112 0.678449 0.952238
0 0.619576 0.956031 0.620548 0.972846 0.678309 0.969508 0.677338 0.952693
0 0.680107 0.94473 0.69988 0.943458 0.697437 0.905491 0.677664 0.906763
0 0.679405 0.943341 0.700115 0.942032 0.697878 0.906652 0.677168 0.907961
0 0.750784 0.472279 0.763208 0.472476 0.763673 0.443113 0.75125 0.442916
0 0.67957 0.944338 0.699853 0.943359 0.698091 0.906839 0.677807 0.907818
0 0.679304 0.943421 0.699504 0.942111 0.697205 0.90666 0.677005 0.90797
0 0.750874 0.471254 0.763178 0.471485 0.763707 0.443318 0.751403 0.443087
0 0.750576 0.471946 0.763351 0.472116 0.76373 0.443531 0.750955 0.443362
0 0.288117 0.525571 0.300377 0.524962 0.299071 0.498661 0.286811 0.49927
0 0.679427 0.94317 0.700897 0.941901 0.698786 0.906166 0.677316 0.907435
0 0.288508 0.526452 0.300513 0.525579 0.29843 0.496976 0.286426 0.497849
0 0.288355 0.527226 0.301205 0.526145 0.298907 0.498829 0.286057 0.49991
0 0.617451 0.956638 0.618522 0.973557 0.679588 0.96969 0.678517 0.952771
0 0.750711 0.471351 0.763152 0.471558 0.76364 0.442169 0.751198 0.441963
0 0.288244 0.525535 0.300977 0.524498 0.298815 0.497947 0.286081 0.498984
0 0.288012 0.526031 0.300981 0.525041 0.298893 0.497674 0.285923 0.498663
0 0.679636 0.942913 0.700122 0.941628 0.697818 0.904891 0.677332 0.906175
0 0.239556 0.535471 0.251842 0.533527 0.247442 0.505727 0.235156 0.507671
0 0.239718 0.534489 0.251825 0.53257 0.247495 0.505245 0.235388 0.507163
0 0.678927 0.944857 0.699572 0.943091 0.696445 0.906545 0.675801 0.908311
0 0.240022 0.535673 0.252458 0.533429 0.247502 0.505958 0.235065 0.508202
0 0.488719 0.515276 0.514612 0.514811 0.514035 0.482658 0.488142 0.483122
0 0.488824 0.515652 0.514273 0.515377 0.513935 0.483964 0.488485 0.484238
0 0.239859 0.534465 0.252038 0.532557 0.247755 0.505228 0.235576 0.507137
0 0.239211 0.535642 0.252143 0.533281 0.247072 0.5055 0.23414 0.507861
0 0.700698 0.469532 0.71127 0.469818 0.711928 0.445482 0.701355 0.445196
0 0.238708 0.536036 0.252337 0.533721 0.24774 0.50666 0.234111 0.508976
0 0.701031 0.469995 0.711903 0.47036 0.712726 0.445815 0.701854 0.44545
0 0.700761 0.469732 0.711211 0.469957 0.711741 0.445324 0.701291 0.445099
