0 0.28772 0.685786 0.303165 0.677766 0.289537 0.651521 0.274092 0.659541
0 0.14281 0.764329 0.164751 0.753375 0.126135 0.676034 0.104195 0.686989
0 0.141068 0.761363 0.163134 0.750688 0.126615 0.675206 0.104549 0.685881
0 0.142512 0.762602 0.166152 0.750302 0.126778 0.67463 0.103138 0.68693
0 0.142538 0.764286 0.162462 0.754853 0.12522 0.676197 0.105296 0.685631
0 0.270876 0.646651 0.28466 0.64078 0.274223 0.616276 0.26044 0.622146
0 0.287973 0.685548 0.303282 0.677453 0.289445 0.651284 0.274136 0.659378
0 0.138963 0.758223 0.159317 0.749301 0.1269 0.675347 0.106546 0.684269
0 0.141773 0.761149 0.161678 0.751746 0.126074 0.67638 0.106169 0.685783
0 0.287428 0.685861 0.30293 0.677994 0.290013 0.652542 0.274511 0.660409
0 0.288988 0.687524 0.303982 0.679467 0.289611 0.652722 0.274617 0.660779
0 0.287345 0.685643 0.302614 0.677774 0.28876 0.650892 0.273492 0.65876
0 0.271352 0.647508 0.284843 0.641281 0.27362 0.616964 0.260128 0.62319
0 0.139835 0.759996 0.161402 0.750252 0.126433 0.672846 0.104865 0.68259
0 0.137123 0.759278 0.15927 0.749769 0.127328 0.675374 0.105181 0.684883
0 0.270061 0.646362 0.283933 0.640263 0.273542 0.616628 0.25967 0.622727
0 0.289142 0.688076 0.304544 0.679816 0.289822 0.652368 0.274421 0.660629
0 0.271259 0.647081 0.285575 0.640185 0.274288 0.616757 0.259972 0.623654
0 0.271393 0.646468 0.28537 0.63958 0.273589 0.615673 0.259613 0.622561
0 0.289903 0.688171 0.305006 0.679588 0.288986 0.651398 0.273883 0.659981
0 0.287693 0.685113 0.303165 0.676866 0.289257 0.650775 0.273785 0.659023
0 0.271131 0.646267 0.284142 0.639843 0.271627 0.614494 0.258616 0.620917
0 0.144098 0.765982 0.167135 0.753754 0.125977 0.676218 0.10294 0.688447
0 0.143949 0.764311 0.166402 0.750523 0.146348 0.717865 0.123894 0.731653
